895
774
829
386
442
653
450
186
191
908
330
65
165
123
868
299
52
336
53
932
349
9
567
246
72
29
622
636
3
313
276
229
6
455
650
171
578
557
262
250
613
340
588
474
456
350
655
659
173
286
260
231
182
403
783
28
371
254
159
73
540
574
214
618
556
308
745
839
345
41
143
739
137
71
58
226
735
55
423
624
353
156
60
602
801
312
626
747
589
398
384
723
565
287
559
270
109
25
439
681
749
295
516
710
381
324
315
677
836
810
660
178
431
587
370
245
202
561
444
644
69
284
219
140
99
515
903
664
309
698
39
247
668
148
116
59
354
877
727
62
334
699
228
128
80
593
758
303
851
126
263
691
248
151
146
448
916
880
425
514
929
2
417
175
83
483
935
430
598
776
10
413
604
101
18
484
926
634
195
342
716
7
145
569
94
750
633
446
537
847
351
298
121
460
899
419
215
741
812
38
721
85
44
305
911
738
434
319
683
718
36
563
218
185
378
906
631
190
732
861
522
164
122
20
813
290
881
692
490
314
730
26
702
168
133
124
435
722
278
153
693
711
74
582
117
112
106
700
256
898
630
510
196
629
764
34
568
181
176
705
432
826
609
389
397
329
273
737
785
66
488
237
136
103
547
372
458
412
461
271
163
820
837
89
643
158
125
680
323
605
503
528
400
347
728
864
0
688
267
200
138
694
454
667
657
706
507
441
210
139
67
822
61
625
686
131
97
817
292
619
506
383
320
255
63
33
763
107
87
346
512
240
391
395
554
113
111
42
671
316
447
84
79
504
147
311
453
795
835
902
366
339
105
920
27
597
873
251
234
876
392
555
534
360
853
14
635
819
396
197
19
885
814
100
46
773
232
495
500
373
870
4
539
792
380
268
207
51
901
724
485
755
64
54
748
359
467
272
766
12
562
761
306
142
127
23
802
361
715
90
76
708
152
337
509
230
896
21
572
696
293
150
104
30
915
581
367
676
81
37
590
203
356
253
486
616
394
923
931
840
385
277
878
542
471
816
239
166
579
296
409
468
161
258
592
91
302
841
855
775
261
402
177
830
493
387
725
135
120
591
235
321
533
317
379
658
40
420
850
858
786
408
497
325
846
571
466
768
236
86
577
328
437
459
784
669
595
925
930
426
508
144
205
742
719
11
244
848
779
499
108
799
476
765
93
617
656
57
811
909
575
285
238
193
651
487
119
751
684
15
443
890
794
154
883
548
787
78
907
465
192
220
871
489
194
1
242
804
155
348
433
274
789
32
31
647
180
35
717
47
388
620
227
294
927
68
531
600
362
43
690
318
275
95
818
937
879
377
743
368
102
517
584
77
545
13
918
283
463
282
733
225
891
654
183
45
862
882
872
206
532
933
307
115
529
472
549
288
884
160
685
796
162
355
82
753
201
494
280
788
301
92
502
56
110
594
184
259
352
530
358
157
857
852
845
249
415
874
172
576
505
414
815
428
938
291
289
697
689
536
781
922
632
608
807
208
132
341
233
928
88
224
894
611
382
538
663
550
8
823
809
167
335
831
586
464
96
714
204
610
917
24
558
900
544
806
5
22
17
75
16
221
470
863
682
134
649
498
800
327
535
241
411
393
614
440
427
583
129
438
49
661
365
637
621
913
670
887
844
422
187
919
265
269
266
114
48
904
243
449
752
573
399
